tab	pmag_specimens
er_sample_name	er_specimen_name	specimen_int_uT	measurement_step_min	measurement_step_min	specimen_lab_field_dc	Anisotropy_correction_factor	NLT_correction_factor	Cooling_rate_correction_factor	specimen_dtr	specimen_int_mad_anc	specimen_int_n	specimen_dck	specimen_int_alpha	specimen_b_beta	specimen_dpal	specimen_f	specimen_q	specimen_dt
1991-1992 Eruption Site	AL3035-2h	37.09	225	400	25	1.00	-	-	0.63	0.80	8.00	2.42	1.82	0.02	4.86	0.53	19.28	-999.00
1991-1992 Eruption Site	AL3035-2i	36.86	225	375	25	1.00	-	-	2.02	0.81	7.00	0.79	1.74	0.02	0.06	0.57	25.40	-999.00
1991-1992 Eruption Site	AL3035-2j	36.30	200	500	25	1.00	-	-	2.62	0.75	13.00	1.54	0.61	0.01	0.10	0.89	101.44	-999.00
1991-1992 Eruption Site	AL3166-1b	33.65	225	425	25	1.00	-	-	nan	1.04	9.00	1.69	1.03	0.01	0.52	0.70	53.33	-999.00
1991-1992 Eruption Site	AL3159-1a	36.40	225	450	25	1.00	-	-	nan	2.18	10.00	3.14	3.34	0.09	4.46	0.62	5.80	-999.00
1991-1992 Eruption Site	AL3166-1a	31.83	275	500	25	1.00	-	-	nan	2.59	10.00	4.50	5.37	0.06	4.73	0.76	10.04	-999.00
1991-1992 Eruption Site	AL3031-1a	41.33	375	500	25	1.00	-	-	nan	0.81	6.00	4.82	0.56	0.04	4.62	0.51	8.93	-999.00
1991-1992 Eruption Site	AL3031-1c	32.76	200	525	25	1.00	-	-	1.09	1.83	14.00	4.99	1.79	0.04	3.94	0.93	23.10	-999.00
1991-1992 Eruption Site	AL3031-1b	41.01	300	500	25	1.00	-	-	nan	1.04	9.00	2.95	0.44	0.01	1.43	0.74	43.03	-999.00
1991-1992 Eruption Site	AL3029-4b	32.84	300	450	25	1.00	-	-	nan	4.57	7.00	3.20	13.64	0.05	4.08	0.50	7.98	-999.00
1991-1992 Eruption Site	AL3034-5b	40.11	100	450	25	1.00	-	-	nan	1.78	13.00	4.24	2.51	0.08	0.00	0.52	5.85	-999.00
1991-1992 Eruption Site	AL3034-5a	36.17	200	525	25	1.00	-	-	nan	1.26	14.00	2.16	0.92	0.02	1.58	0.93	44.76	-999.00
1991-1992 Eruption Site	AL2852-2b	37.49	350	475	25	1.00	-	-	nan	1.23	6.00	4.48	1.34	0.05	3.54	0.56	8.12	-999.00
1991-1992 Eruption Site	AL2742-4e	35.67	100	425	25	1.00	-	-	0.21	1.19	12.00	2.10	3.70	0.01	0.08	0.59	36.96	-999.00
1991-1992 Eruption Site	AL2742-4f	30.22	0	425	25	1.00	-	-	0.65	1.79	13.00	1.34	4.13	0.05	1.63	0.70	10.77	-999.00
1991-1992 Eruption Site	AL2742-4g	36.24	225	500	25	1.00	-	-	0.97	1.90	12.00	2.12	2.50	0.04	2.20	0.91	18.83	-999.00
1991-1992 Eruption Site	AL2852-2f	36.66	350	500	25	1.00	-	-	1.92	1.37	7.00	2.15	1.26	0.04	3.60	0.56	12.56	-999.00
1991-1992 Eruption Site	AL2742-4a	36.50	275	425	25	1.00	-	-	nan	1.06	7.00	3.30	0.73	0.07	3.70	0.50	6.01	-999.00
1991-1992 Eruption Site	AL2852-2d	36.31	0	375	25	1.00	-	-	0.83	1.82	11.00	3.15	5.06	0.03	2.55	0.52	16.79	-999.00
1991-1992 Eruption Site	AL2852-2e	36.59	200	425	25	1.00	-	-	1.38	1.77	10.00	4.56	2.41	0.07	0.26	0.55	7.01	-999.00
1991-1992 Eruption Site	AL2360-1e	34.94	375	475	25	1.00	-	-	nan	2.57	5.00	4.13	5.21	0.04	1.02	0.55	9.72	-999.00
1991-1992 Eruption Site	AL2360-1b	33.01	125	500	25	1.00	-	-	nan	2.33	16.00	4.96	2.45	0.03	2.41	0.95	30.40	-999.00
1991-1992 Eruption Site	AL3028-2a	36.27	225	450	25	1.00	-	-	nan	1.91	10.00	2.55	3.20	0.05	2.66	0.67	11.21	-999.00
1991-1992 Eruption Site	AL3156-1a	37.82	200	425	25	1.00	-	-	nan	0.91	10.00	1.81	1.92	0.04	1.52	0.51	10.18	-999.00
1991-1992 Eruption Site	AL3029-5a	37.39	375	500	25	1.00	-	-	nan	1.60	6.00	4.49	1.47	0.08	0.95	0.56	5.14	-999.00
BBQ	SBG_2352-2b	35.43	200	375	40	1.00	-	-	nan	3.22	8.00	1.98	4.20	0.04	3.04	0.60	12.32	-999.00
BBQ	SBG_2392-4e	35.60	175	452	40	1.00	-	-	nan	1.51	12.00	0.94	3.06	0.03	0.84	0.70	18.77	-999.00
BBQ	SBG_2392-4c	35.87	0	400	40	1.00	-	-	nan	3.42	15.00	2.42	6.07	0.03	0.21	0.63	19.04	-999.00
BBQ	SBG_2372-2h	34.26	250	452	40	1.00	-	-	nan	0.71	9.00	1.66	1.14	0.02	4.22	0.57	19.50	-999.00
BBQ	SBG_2352-2g	35.68	200	350	40	1.00	-	-	nan	2.92	7.00	0.63	3.92	0.05	0.04	0.65	9.70	-999.00
BBQ	SBG_2352-2e	37.39	200	475	40	1.00	-	-	nan	1.49	12.00	1.20	0.93	0.02	2.21	0.52	19.59	-999.00
BBQ	SBG_2372-3d	37.81	250	475	40	1.00	-	-	nan	1.34	10.00	3.77	0.54	0.07	4.94	0.79	10.26	-999.00
BBQ	SBG_2372-3e	32.81	150	375	40	1.00	-	-	nan	4.71	10.00	1.69	13.96	0.05	1.68	0.54	8.73	-999.00
BBQ	SBG_2372-2e	35.48	126	336	40	1.00	-	-	nan	0.34	9.00	1.13	0.48	0.01	1.31	0.58	39.23	-999.00
BBQ	SBG_2372-2g	34.83	250	452	40	1.00	-	-	nan	1.28	9.00	1.34	1.97	0.03	2.12	0.60	17.20	-999.00
BR06	BR06-5F	42.14	0	580	50	1.00	-	-	1.48	3.21	14.00	4.28	1.19	0.03	3.34	0.98	33.14	-999.00
BR06	BR06-4F	42.20	0	540	50	1.00	-	-	1.57	2.34	13.00	4.28	1.38	0.05	3.03	0.94	16.70	-999.00
BR06	BR06-3F	42.15	0	580	50	1.00	-	-	2.36	2.15	14.00	4.57	1.25	0.03	4.51	0.98	27.97	-999.00
Hawaii 1960 Flow	C-3-3	42.53	500	600	30	1.00	-	-	nan	0.58	6.00	0.89	0.55	0.01	1.20	0.59	29.22	-999.00
Hawaii 1960 Flow	C-4-1	37.82	0	540	30	1.00	-	-	nan	0.47	10.00	2.91	0.79	0.03	4.55	0.79	25.92	-999.00
Hawaii 1960 Flow	A-3-3	39.56	0	520	30	1.00	-	-	nan	0.37	9.00	1.98	1.12	0.05	3.63	0.59	9.30	-999.00
Hawaii 1960 Flow	B-8-1	43.39	330	540	30	1.00	-	-	nan	0.28	8.00	2.78	0.44	0.08	4.83	0.74	7.26	-999.00
Hawaii 1960 Flow	A-5-3	34.63	0	540	30	1.00	-	-	nan	0.41	10.00	4.97	0.85	0.05	4.81	0.80	14.95	-999.00
Hawaii 1960 Flow	B-5-1	50.14	330	520	30	1.00	-	-	nan	0.74	7.00	2.38	1.68	0.05	3.45	0.58	9.33	-999.00
Hawaii 1960 Flow	B-2-1	48.73	0	500	30	1.00	-	-	nan	0.67	8.00	0.67	2.03	0.02	1.44	0.54	20.96	-999.00
Hawaii 1960 Flow	B-6-3	44.31	470	600	30	1.00	-	-	nan	0.20	5.00	4.30	0.18	0.04	0.89	0.61	10.35	-999.00
Hawaii 1960 Flow	B-10-1	45.31	230	535	30	1.00	-	-	nan	0.21	8.00	4.84	0.28	0.07	4.55	0.74	8.53	-999.00
Hawaii 1960 Flow	C-2-3	43.33	350	535	30	1.00	-	-	nan	0.60	6.00	2.34	0.73	0.02	0.68	0.75	20.89	-999.00
Hawaii 1960 Flow	A-2-3	42.93	0	500	30	1.00	-	-	nan	0.39	10.00	4.20	1.42	0.04	4.39	0.51	11.03	-999.00
Hawaii 1960 Flow	C-1-3	40.34	0	520	30	1.00	-	-	nan	0.48	9.00	1.92	1.04	0.04	2.70	0.56	12.23	-999.00
Hawaii 1960 Flow	B-9-3	48.11	0	500	30	1.00	-	-	nan	0.59	8.00	1.67	1.64	0.02	3.89	0.53	18.26	-999.00
Hawaii 1960 Flow	C-4-4L	38.84	0	520	30	1.00	-	-	nan	0.76	9.00	2.66	2.25	0.04	0.83	0.58	12.11	-999.00
SW	SW01-02A-2	51.10	125	350	45	1.00	-	-	0.83	0.87	8.00	2.47	1.67	0.03	4.78	0.64	19.45	-999.00
SW	SW01-09A-2	52.20	0	270	45	1.00	-	-	0.87	0.54	5.00	0.27	1.31	0.03	3.61	0.50	11.84	-999.00
SW	SW01-13A-2	49.88	135	270	45	1.00	-	-	2.69	1.75	5.00	3.25	3.78	0.02	0.47	0.53	20.15	-999.00
SW	SW01-07A-2	53.03	0	340	45	1.00	-	-	1.46	1.22	7.00	3.02	3.09	0.04	3.95	0.58	11.93	-999.00
SW	SW01-04A-2	48.18	0	350	45	1.00	-	-	0.42	1.51	6.00	3.67	1.03	0.09	2.41	0.57	5.01	-999.00
SW	SW01-01A-2	50.49	0	335	45	1.00	-	-	0.81	2.11	9.00	0.36	4.14	0.02	2.33	0.72	26.87	-999.00
SW	SW01-03A-2	50.20	0	240	45	1.00	-	-	1.27	0.90	5.00	0.32	0.62	0.04	4.18	0.69	10.93	-999.00
SW	SW01-18A-2	50.55	210	500	45	1.00	-	-	1.41	1.29	8.00	1.65	2.04	0.02	1.69	0.62	30.56	-999.00
SW	SW01-05A-2	49.57	100	350	45	1.00	-	-	0.92	0.63	8.00	0.57	0.77	0.01	1.54	0.53	41.00	-999.00
SW	SW01-15A-2	49.08	0	300	45	1.00	-	-	0.49	0.75	5.00	1.21	0.83	0.05	0.74	0.58	8.45	-999.00
SW	SW01-17A-2	49.36	125	350	45	1.00	-	-	1.66	0.52	7.00	1.61	1.30	0.04	1.89	0.53	12.33	-999.00
SW	SW01-10A-2	51.98	0	300	45	1.00	-	-	0.94	0.51	8.00	0.95	0.63	0.01	2.86	0.61	39.72	-999.00
SW	SW01-19A-2	51.58	0	560	45	1.00	-	-	2.44	0.66	15.00	4.01	0.44	0.01	4.83	0.99	94.18	-999.00
SW	SW01-06A-2	50.40	0	300	45	1.00	-	-	0.95	0.91	5.00	0.89	2.46	0.04	1.57	0.55	9.23	-999.00
SW	SW01-08A-2	50.53	0	270	45	1.00	-	-	0.84	0.36	7.00	0.33	0.63	0.02	0.25	0.53	20.03	-999.00
SW	SW01-14A-2	46.75	0	310	45	1.00	-	-	1.30	0.93	7.00	0.96	2.17	0.03	0.83	0.50	15.33	-999.00
SW	SW01-12A-2	52.05	0	270	45	1.00	-	-	0.60	0.38	5.00	1.61	0.45	0.03	4.15	0.57	12.39	-999.00
SW	SW01-11A-2	50.95	0	340	45	1.00	-	-	1.18	0.49	7.00	0.93	1.08	0.03	0.26	0.59	16.51	-999.00
TS	TS02-23A-2	61.94	0	300	45	1.00	-	-	3.38	0.72	5.00	0.07	1.34	0.06	1.53	0.59	7.44	-999.00
TS	TS01-15A-2	52.27	0	500	45	1.00	-	-	0.58	0.77	11.00	4.81	0.69	0.03	0.63	1.00	24.27	-999.00
TS	TS02-24A-2	56.50	0	300	45	1.00	-	-	1.09	0.40	7.00	0.91	0.68	0.02	2.58	0.71	28.70	-999.00
TS	TS02-09A-3	46.91	0	400	45	1.00	-	-	1.09	0.49	9.00	4.37	0.60	0.03	4.93	0.60	14.83	-999.00
TS	TS02-06A-2	50.65	150	400	45	1.00	-	-	0.52	0.85	8.00	2.36	0.91	0.03	2.19	0.55	13.93	-999.00
TS	TS02-01A-2	51.28	200	350	45	1.00	-	-	0.81	1.34	5.00	0.77	1.65	0.01	1.68	0.59	42.38	-999.00
TS	TS02-10A-3	52.20	150	300	45	1.00	-	-	0.39	0.47	7.00	1.32	0.97	0.03	2.91	0.51	14.69	-999.00
TS	TS01-05A-2	51.80	200	600	45	1.00	-	-	0.25	2.96	6.00	2.65	2.83	0.05	3.10	0.83	12.11	-999.00
TS	TS01-24A-2	51.76	100	350	45	1.00	-	-	0.97	0.46	6.00	1.03	0.53	0.03	4.32	0.56	15.57	-999.00
TS	TS02-02A-2	42.33	0	300	45	1.00	-	-	0.45	1.43	8.00	2.09	5.36	0.02	4.87	0.51	21.24	-999.00
TS	TS02-14A-2	52.77	0	350	45	1.00	-	-	0.72	1.19	8.00	1.66	3.19	0.03	2.75	0.68	19.51	-999.00
TS	TS02-19A-2	66.30	0	350	45	1.00	-	-	2.59	1.04	6.00	3.65	2.22	0.09	4.52	0.62	5.12	-999.00
TS	TS01-19A-2	43.65	100	350	45	1.00	-	-	0.66	1.36	6.00	0.66	2.70	0.05	1.97	0.59	8.80	-999.00
TS	TS01-10A-2	41.36	160	600	45	1.00	-	-	0.78	1.32	8.00	2.97	1.53	0.08	4.01	0.53	5.42	-999.00
TS	TS01-04A-1	71.72	0	250	45	1.00	-	-	0.89	0.55	5.00	0.93	0.59	0.02	4.68	0.76	35.90	-999.00
TS	TS02-12A-2	52.93	150	400	45	1.00	-	-	0.56	0.48	8.00	1.79	0.67	0.03	1.71	0.56	18.10	-999.00
TS	TS02-22A-2	50.97	150	400	45	1.00	-	-	0.87	0.92	9.00	4.26	0.61	0.03	4.00	0.56	13.97	-999.00
TS	TS01-02A-2	47.94	160	500	45	1.00	-	-	0.28	0.39	7.00	3.08	0.13	0.10	3.40	0.67	5.43	-999.00
TS	TS01-14A-2	56.81	0	250	45	1.00	-	-	1.14	0.48	5.00	2.14	1.17	0.01	4.05	0.54	24.71	-999.00
TS	TS01-06A-3	63.69	0	350	45	1.00	-	-	1.88	0.46	7.00	1.87	1.02	0.03	4.47	0.51	15.78	-999.00
TS	TS01-21A-2	50.50	0	450	45	1.00	-	-	3.22	1.43	8.00	3.84	2.18	0.06	3.52	0.78	10.99	-999.00
TS	TS01-18A-2	53.89	0	420	45	1.00	-	-	1.54	0.82	8.00	3.29	0.41	0.05	1.27	0.71	10.28	-999.00
TS	TS02-16A-2	61.73	0	400	45	1.00	-	-	2.72	0.72	7.00	2.62	1.37	0.06	2.07	0.77	9.94	-999.00
TS	TS01-16A-2	51.80	175	500	45	1.00	-	-	0.50	0.62	9.00	4.53	0.46	0.01	1.14	0.75	42.55	-999.00
TS	TS02-15A-2	50.26	0	350	45	1.00	-	-	0.47	0.33	8.00	0.92	0.27	0.02	1.90	0.62	28.53	-999.00
TS	TS02-21A-2	49.86	0	350	45	1.00	-	-	0.60	0.54	8.00	1.31	0.79	0.01	2.21	0.77	40.61	-999.00
TS	TS02-26A-2	52.90	150	300	45	1.00	-	-	0.20	0.48	6.00	1.30	0.97	0.02	1.73	0.52	20.84	-999.00
TS	TS02-03A-2	43.27	0	225	45	1.00	-	-	0.60	1.18	5.00	1.31	3.88	0.02	4.28	0.55	24.21	-999.00
TS	TS01-26A-2	42.80	0	250	45	1.00	-	-	0.48	0.86	5.00	0.14	1.37	0.02	4.31	0.63	19.03	-999.00
TS	TS02-13A-2	52.10	0	350	45	1.00	-	-	1.02	0.45	9.00	1.06	0.08	0.02	4.19	0.87	40.44	-999.00
TS	TS01-20A-2	45.53	0	350	45	1.00	-	-	0.29	0.85	7.00	2.14	0.77	0.04	2.21	0.58	12.24	-999.00
TS	TS01-27A-2	55.32	150	500	45	1.00	-	-	1.42	0.96	9.00	3.74	1.61	0.03	4.48	0.63	15.89	-999.00
TS	TS02-05A-3	41.53	0	225	45	1.00	-	-	0.80	0.53	5.00	0.91	0.66	0.01	2.96	0.63	30.14	-999.00
TS	TS01-11A-2	45.34	500	600	45	1.00	-	-	1.00	0.90	6.00	3.97	0.25	0.02	3.93	0.65	24.51	-999.00
hw108	hw108a1	52.09	375	510	20	1.00	-	-	nan	1.05	7.00	3.00	0.93	0.05	2.23	0.52	8.29	-999.00
hw108	hw108a2	40.09	100	300	20	1.00	-	-	nan	2.50	6.00	0.50	4.24	0.02	0.88	0.65	19.16	-999.00
hw108	hw108a3	45.72	0	300	20	1.00	-	-	nan	1.89	7.00	1.24	5.88	0.02	1.28	0.54	19.32	-999.00
hw108	hw108a4	40.07	100	375	20	1.00	-	-	nan	1.42	9.00	1.77	1.95	0.04	1.28	0.72	14.42	-999.00
hw108	hw108a5	40.79	0	300	20	1.00	-	-	nan	1.13	7.00	2.37	0.81	0.01	3.82	0.92	92.62	-999.00
hw108	hw108b5	32.41	0	275	20	1.00	-	-	nan	2.94	6.00	1.74	4.12	0.03	3.62	0.58	11.83	-999.00
hw108	hw108c1	39.97	100	350	20	1.00	-	-	nan	0.61	8.00	2.19	0.49	0.01	2.89	0.85	35.68	-999.00
hw108	hw108c6	39.54	100	275	20	1.00	-	-	nan	2.76	6.00	4.11	6.43	0.07	4.02	0.53	5.75	-999.00
hw108	hw108c7	38.98	0	225	20	1.00	-	-	nan	0.99	5.00	1.02	1.53	0.02	0.41	0.68	28.79	-999.00
hw108	hw108c4	32.72	0	275	20	1.00	-	-	nan	2.47	6.00	2.31	7.26	0.02	2.25	0.53	16.94	-999.00
hw108	hw108b2	43.78	0	275	20	1.00	-	-	nan	1.21	6.00	1.49	3.72	0.06	4.58	0.50	5.55	-999.00
hw108	hw108c2	40.13	100	375	20	1.00	-	-	nan	0.24	9.00	2.95	0.04	0.02	3.85	0.86	30.74	-999.00
hw108	hw108c9	37.90	100	500	20	1.00	-	-	nan	1.64	15.00	4.11	0.48	0.02	4.07	0.83	32.04	-999.00
hw108	hw108c8	39.19	0	225	20	1.00	-	-	nan	1.93	5.00	0.37	4.19	0.05	0.30	0.68	8.88	-999.00
hw108	hw108c10	37.17	100	275	20	1.00	-	-	nan	2.58	6.00	2.37	6.02	0.05	3.95	0.56	8.36	-999.00
hw108	hw108c11	37.94	0	350	20	1.00	-	-	nan	2.52	10.00	4.48	3.12	0.04	3.37	0.61	11.64	-999.00
hw108	hw108c12	35.92	0	350	20	1.00	-	-	nan	0.75	10.00	2.57	0.24	0.05	1.70	0.95	14.33	-999.00
hw108	hw108c13	39.67	100	500	20	1.00	-	-	nan	1.44	15.00	4.24	0.18	0.01	1.77	0.86	61.02	-999.00
hw123	hw123a3	31.81	350	510	20	1.00	-	-	nan	1.23	8.00	4.27	0.41	0.06	4.10	0.62	8.67	-999.00
hw123	hw123a2	34.90	375	500	20	1.00	-	-	nan	0.58	6.00	2.71	0.71	0.06	1.05	0.80	7.89	-999.00
hw123	hw123a5	38.58	200	375	20	1.00	-	-	nan	1.15	8.00	4.21	2.03	0.03	0.71	0.50	13.50	-999.00
hw123	hw123a4	33.22	0	500	20	1.00	-	-	nan	0.61	15.00	1.89	0.53	0.03	1.58	0.92	26.16	-999.00
hw123	hw123a12	35.83	250	500	20	1.00	-	-	nan	5.98	11.00	3.51	5.86	0.06	4.23	0.64	9.77	-999.00
hw126	hw126a2	35.09	0	350	20	1.00	-	-	nan	2.30	9.00	3.67	2.30	0.03	4.39	0.91	19.49	-999.00
hw126	hw126a3	32.37	0	250	20	1.00	-	-	nan	1.41	5.00	2.51	2.57	0.01	2.45	0.70	74.62	-999.00
hw126	hw126a4	37.04	100	375	20	1.00	-	-	nan	2.21	9.00	1.75	1.92	0.02	3.96	0.80	29.83	-999.00
hw126	hw126a5	35.51	0	300	20	1.00	-	-	nan	1.43	7.00	2.33	1.27	0.01	4.13	0.92	86.28	-999.00
hw126	hw126b5	36.52	0	375	20	1.00	-	-	nan	0.39	10.00	2.15	0.25	0.01	3.53	0.92	90.48	-999.00
hw126	hw126b4	36.32	100	375	20	1.00	-	-	nan	1.01	9.00	3.82	0.96	0.01	4.51	0.76	32.87	-999.00
hw126	hw126b1	35.49	0	375	20	1.00	-	-	nan	0.71	10.00	1.76	0.56	0.01	3.85	0.95	60.16	-999.00
hw126	hw126b3	35.53	100	425	20	1.00	-	-	nan	1.05	11.00	2.21	0.83	0.02	4.01	0.79	28.56	-999.00
hw126	hw126b2	35.50	0	350	20	1.00	-	-	nan	0.57	9.00	2.80	0.48	0.01	4.60	0.92	62.85	-999.00
hw128	hw128c1	33.78	0	425	20	1.00	-	-	nan	1.15	12.00	1.67	2.35	0.02	3.82	0.57	22.19	-999.00
hw128	hw128a8	33.92	0	325	20	1.00	-	-	nan	1.14	9.00	2.44	1.08	0.02	4.72	0.69	26.78	-999.00
hw128	hw128a9	33.13	100	375	20	1.00	-	-	nan	0.75	10.00	0.74	2.62	0.02	2.04	0.51	18.11	-999.00
hw128	hw128c4	34.53	225	450	20	1.00	-	-	nan	0.75	10.00	0.96	0.44	0.02	2.17	0.70	24.94	-999.00
hw128	hw128c5	34.43	100	450	20	1.00	-	-	nan	0.40	12.00	1.18	0.17	0.01	0.58	0.72	41.54	-999.00
hw128	hw128a2	34.82	300	510	20	1.00	-	-	nan	1.78	10.00	2.00	1.65	0.03	4.93	0.52	13.65	-999.00
hw128	hw128a3	34.49	0	510	20	1.00	-	-	nan	1.45	16.00	3.11	1.33	0.03	4.08	1.04	32.18	-999.00
hw128	hw128a1	34.39	0	325	20	1.00	-	-	nan	2.23	8.00	3.61	4.12	0.02	4.26	0.75	34.52	-999.00
hw128	hw128a6	38.40	0	275	20	1.00	-	-	nan	2.44	7.00	1.91	3.81	0.08	2.56	0.72	7.24	-999.00
hw128	hw128c2	34.57	350	500	20	1.00	-	-	nan	0.51	7.00	1.65	0.13	0.02	1.78	0.60	19.34	-999.00
hw128	hw128a4	37.99	0	350	20	1.00	-	-	nan	0.49	9.00	2.08	0.97	0.02	1.09	0.57	23.24	-999.00
hw128	hw128a5	34.33	300	475	20	1.00	-	-	nan	0.60	8.00	1.70	0.64	0.06	4.17	0.62	9.13	-999.00
hw128	hw128c3	33.64	0	510	20	1.00	-	-	nan	0.62	16.00	3.26	0.34	0.01	1.27	0.99	100.23	-999.00
hw128	hw128a10	30.25	225	450	20	1.00	-	-	nan	1.54	10.00	3.38	1.68	0.03	4.96	0.57	16.36	-999.00
hw128	hw128a11	40.94	275	500	20	1.00	-	-	nan	1.86	10.00	3.69	1.28	0.06	4.59	0.52	7.05	-999.00
hw128	hw128b3	29.68	0	425	20	1.00	-	-	nan	5.17	12.00	2.23	10.95	0.02	3.02	0.80	29.80	-999.00
hw128	hw128b2	34.64	0	400	20	1.00	-	-	nan	5.06	11.00	1.21	13.27	0.02	0.38	0.72	39.56	-999.00
hw128	hw128b5	34.80	350	500	20	1.00	-	-	nan	1.50	7.00	4.35	0.93	0.05	3.44	0.59	8.81	-999.00
hw128	hw128b4	33.17	100	425	20	1.00	-	-	nan	2.14	11.00	1.71	7.74	0.02	4.79	0.56	27.73	-999.00
hw128	hw128a7	27.03	100	325	20	1.00	-	-	nan	1.33	8.00	3.87	2.43	0.02	4.06	0.66	25.87	-999.00
hw128	hw128d1	38.54	200	400	20	1.00	-	-	nan	1.31	9.00	4.15	1.72	0.03	3.73	0.55	16.13	-999.00
hw128	hw128d3	34.88	0	250	20	1.00	-	-	nan	1.69	5.00	2.95	3.70	0.01	4.01	0.65	60.90	-999.00
hw128	hw128d2	34.58	0	300	20	1.00	-	-	nan	1.47	7.00	4.20	2.36	0.01	4.71	0.76	50.83	-999.00
hw128	hw128d5	33.77	100	300	20	1.00	-	-	nan	2.30	6.00	3.87	3.80	0.04	0.79	0.57	5.57	-999.00
hw128	hw128d4	34.01	100	325	20	1.00	-	-	nan	0.76	7.00	3.83	1.03	0.03	2.49	0.65	15.09	-999.00
hw201	hw201a11	33.33	0	300	20	1.00	-	-	nan	1.42	8.00	4.42	2.17	0.01	4.85	0.70	41.51	-999.00
hw201	hw201a12	33.30	100	375	20	1.00	-	-	nan	2.08	10.00	3.85	7.68	0.03	1.87	0.54	17.10	-999.00
hw201	hw201a6	33.27	0	425	20	1.00	-	-	nan	1.60	13.00	2.77	0.74	0.02	2.84	0.91	34.84	-999.00
hw201	hw201a4	33.41	0	300	20	1.00	-	-	nan	4.23	8.00	3.59	4.30	0.03	4.61	0.84	21.83	-999.00
hw201	hw201a2	33.02	0	325	20	1.00	-	-	nan	1.19	9.00	0.96	1.37	0.05	3.32	0.63	11.44	-999.00
hw201	hw201a3	33.41	100	300	20	1.00	-	-	nan	3.78	7.00	3.71	5.92	0.06	3.77	0.57	6.24	-999.00
hw226	hw226a5	35.98	0	225	20	1.00	-	-	nan	1.47	5.00	2.15	0.79	0.07	2.17	0.80	8.42	-999.00
hw226	hw226a4	42.86	0	350	20	1.00	-	-	nan	2.38	10.00	3.28	0.81	0.06	4.69	0.91	12.36	-999.00
hw226	hw226a3	39.88	0	500	20	1.00	-	-	nan	2.32	16.00	4.22	0.58	0.01	1.68	0.98	68.73	-999.00
hw226	hw226a2	35.97	0	250	20	1.00	-	-	nan	1.93	6.00	1.94	1.00	0.10	1.46	0.89	6.76	-999.00
hw226	hw226b6	40.39	0	350	20	1.00	-	-	nan	2.29	10.00	1.45	5.17	0.03	0.64	0.73	21.53	-999.00
hw226	hw226b4	38.85	0	275	20	1.00	-	-	nan	1.57	7.00	0.98	4.03	0.06	4.19	0.51	6.23	-999.00
hw226	hw226b2	41.30	0	275	20	1.00	-	-	nan	2.05	7.00	2.00	6.03	0.01	4.23	0.57	36.16	-999.00
hw226	hw226b3	39.43	100	275	20	1.00	-	-	nan	1.67	6.00	2.29	3.20	0.08	0.14	0.58	5.23	-999.00
hw226	hw226b1	37.17	100	325	20	1.00	-	-	nan	1.41	8.00	2.89	3.07	0.03	2.29	0.51	12.63	-999.00
kf	kf031	43.68	0	200	60	1.00	-	-	nan	0.45	6.00	1.35	0.82	0.02	3.05	0.68	19.96	-999.00
kf	kf011	43.10	0	250	80	1.00	-	-	nan	1.53	5.00	0.19	3.29	0.02	0.32	0.66	19.40	-999.00
kf	kf072	41.11	0	350	60	1.00	-	-	nan	1.06	9.00	2.40	2.06	0.01	4.71	0.76	45.92	-999.00
remag-rs62	remag-rs62g	60.59	0	523	80	1.00	-	-	nan	4.52	15.00	3.78	2.25	0.07	1.99	1.06	13.88	-999.00
remag-rs62	remag-rs62a	60.47	0	523	80	1.00	-	-	nan	5.15	15.00	3.28	2.20	0.08	0.73	1.03	10.93	-999.00
remag-rs62	remag-rs62h	60.61	150	523	80	1.00	-	-	nan	3.02	14.00	3.92	1.77	0.08	2.83	1.03	11.79	-999.00
rs25	rs25c	27.34	0	534	40	1.00	0.99	-	nan	2.02	25.00	3.81	1.70	0.02	4.45	0.99	33.76	-999.00
rs25	rs25b	28.56	457	534	40	1.00	-	-	nan	0.24	12.00	3.53	0.08	0.03	4.76	0.95	23.18	-999.00
rs25	rs25a	32.24	506	534	40	1.00	0.99	-	nan	2.27	5.00	4.15	0.53	0.01	3.29	0.78	47.86	-999.00
rs25	rs25e	26.08	457	513	40	1.00	0.99	-	nan	0.63	9.00	1.96	0.59	0.05	4.80	0.59	9.52	-999.00
rs25	rs25d	27.79	485	527	40	1.00	0.99	-	nan	1.36	7.00	4.45	1.41	0.02	4.56	0.87	36.46	-999.00
rs27	rs27d	96.71	0	513	40	1.00	1.12	-	nan	1.72	22.00	2.10	2.55	0.01	3.54	0.97	55.46	-999.00
rs27	rs27g	86.50	460	513	90	1.00	-	-	nan	1.87	6.00	1.40	2.04	0.04	0.49	0.78	14.23	-999.00
rs27	rs27f	99.86	0	520	90	1.00	-	-	nan	0.98	8.00	1.89	2.54	0.06	1.36	0.65	8.44	-999.00
rs27	rs27a	86.28	0	513	40	1.00	1.12	-	nan	0.33	21.00	1.99	0.49	0.03	4.70	0.82	19.45	-999.00
rs27	rs27c	94.30	450	513	40	1.00	1.07	-	nan	0.99	10.00	3.45	2.65	0.02	2.96	0.50	17.21	-999.00
rs27	rs27h	86.16	300	550	90	1.00	-	-	nan	0.56	10.00	4.47	0.29	0.01	4.98	0.95	59.61	-999.00
rs27	rs27j	118.72	0	550	90	1.00	-	-	nan	2.19	11.00	0.94	0.85	0.04	0.02	1.02	17.18	-999.00
