3.381181217646437744e+02 6.707762431247844859e+01
1.834098505798931456e+01 5.712811989292706016e+01
2.106370659554966096e+01 6.565184225449768007e+01
3.213859510130678245e+02 6.963131320404438895e+01
1.824787812172883150e+01 7.797320792184481775e+01
3.357600625699842567e+02 6.468427911851775036e+01
5.301675536481752715e+01 5.346285886066272042e+01
4.461110243820348842e+01 7.411089003109297835e+01
3.455856007084853445e+02 5.498331276978818494e+01
5.275435449464339399e+00 4.979541671589472429e+01
7.287922111387337054e+01 6.384026899830350033e+01
3.118921140814217097e+01 6.827268908916788348e+01
3.548758070480393485e+02 7.444917851013686061e+01
3.127250197679354642e+02 7.840193070270643716e+01
3.545901262804652561e+02 5.871749094224193044e+01
3.463016230609611057e+02 3.676618681479036610e+01
1.280218754829888894e+00 5.762641680465962679e+01
3.247527655775868425e+02 7.249976050855936194e+01
3.013505015075350570e+02 6.202231320529603664e+01
3.023808712795173506e+02 7.113180705962258799e+01
