6.707762431247844859e+01
5.712811989292706016e+01
6.565184225449768007e+01
6.963131320404438895e+01
7.797320792184481775e+01
6.468427911851775036e+01
5.346285886066272042e+01
7.411089003109297835e+01
5.498331276978818494e+01
4.979541671589472429e+01
6.384026899830350033e+01
6.827268908916788348e+01
7.444917851013686061e+01
7.840193070270643716e+01
5.871749094224193044e+01
3.676618681479036610e+01
5.762641680465962679e+01
7.249976050855936194e+01
6.202231320529603664e+01
7.113180705962258799e+01
